,year,gdp,temp
0,1881,346030039040.0,-0.09
1,1882,367393402880.0,-0.11
2,1883,377354526720.0,-0.18
3,1884,384142856192.0,-0.29
4,1885,387364663296.0,-0.34
5,1886,398729746432.0,-0.32
6,1887,416232699904.0,-0.37
7,1888,414740256768.0,-0.18
8,1889,482757298176.0,-0.11
9,1890,486656071680.0,-0.36
10,1891,506126620672.0,-0.23
11,1892,551319779328.0,-0.28
12,1893,529109876736.0,-0.32
13,1894,517849284608.0,-0.32
14,1895,571984801792.0,-0.24
15,1896,563214307328.0,-0.11
16,1897,611157958656.0,-0.11
17,1898,622963402752.0,-0.28
18,1899,675488071680.0,-0.18
19,1900,695016886528.0,-0.08
20,1901,764997175296.0,-0.16
21,1902,772449329664.0,-0.28
22,1903,808599204480.0,-0.37
23,1904,800504309248.0,-0.48
24,1905,855771603456.0,-0.26
25,1906,946135878272.0,-0.23
26,1907,960288759296.0,-0.39
27,1908,912870840064.0,-0.43
28,1909,1008379085568.0,-0.49
29,1910,1018321884160.0,-0.44
30,1911,1043509671936.0,-0.44
31,1912,1087269203456.0,-0.36
32,1913,1145335974400.0,-0.34
33,1914,1045034944512.0,-0.15
34,1915,1068711597056.0,-0.14
35,1916,1192952832512.0,-0.36
36,1917,1160713397760.0,-0.46
37,1918,1243033919744.0,-0.3
38,1919,1262487182592.0,-0.28
39,1920,1246180979968.0,-0.27
40,1921,1242293700864.0,-0.19
41,1922,1290310651136.0,-0.28
42,1923,1432267654144.0,-0.26
43,1924,1486264295936.0,-0.27
44,1925,1512309657344.0,-0.22
45,1926,1603324958464.0,-0.11
46,1927,1633787517696.0,-0.22
47,1928,4301731218176.0,-0.2
48,1929,5058373461760.0,-0.36
49,1930,4857344784896.0,-0.16
50,1931,4674666652928.0,-0.09
51,1932,4439861298176.0,-0.16
52,1933,4446888621568.0,-0.28
53,1934,4643819671808.0,-0.12
54,1935,4912568797184.0,-0.2
55,1936,5210711032320.0,-0.14
56,1937,5436591696896.0,-0.03
57,1938,5471455624704.0,0.0
58,1939,4624218515456.0,-0.02
59,1940,4710632272384.0,0.13
60,1941,5516527322112.0,0.19
61,1942,5592997790720.0,0.07
62,1943,5752370370944.0,0.09
63,1944,5858082610688.0,0.21
64,1945,5445709460736.0,0.09
65,1946,5138708502016.0,-0.07
66,1947,5196165369088.0,-0.02
67,1948,5607261065472.0,-0.1
68,1949,5867254940672.0,-0.11
69,1950,7236503293848.0,-0.17
70,1951,7766627872256.0,-0.07
71,1952,8161899836680.0,0.01
72,1953,8628859564512.0,0.08
73,1954,8827310602160.0,-0.13
74,1955,9410378379072.0,-0.14
75,1956,9792692376488.0,-0.19
76,1957,10149011369624.0,0.05
77,1958,10371145177832.0,0.06
78,1959,10932365064240.0,0.03
79,1960,11443622118280.0,-0.02
80,1961,11810479521736.0,0.06
81,1962,12426547974128.0,0.03
82,1963,13091947291824.0,0.05
83,1964,13986547644832.0,-0.2
84,1965,14716694779168.0,-0.11
85,1966,15482049515304.0,-0.06
86,1967,16063425097856.0,-0.02
87,1968,16922069927728.0,-0.08
88,1969,17936375187984.0,0.05
89,1970,18893083461312.0,0.03
90,1971,19677698289184.0,-0.08
91,1972,20671704362784.0,0.01
92,1973,23006982880328.0,0.16
93,1974,22479013720000.0,-0.07
94,1975,22836926560016.0,-0.01
95,1976,23842755812288.0,-0.1
96,1977,24859641598352.0,0.18
97,1978,26097585844912.0,0.07
98,1979,27200944841728.0,0.16
99,1980,29006434048560.0,0.26
100,1981,29562847322096.0,0.32
101,1982,29863119646688.0,0.14
102,1983,30683657373504.0,0.31
103,1984,32155280404368.0,0.15
104,1985,33351863775104.0,0.12
105,1986,34500609966976.0,0.18
106,1987,35815045166976.0,0.32
107,1988,37370788490496.0,0.39
108,1989,38597088797808.0,0.27
109,1990,39247671160800.0,0.45
110,1991,39835569373104.0,0.4
111,1992,40940552747712.0,0.22
112,1993,42174337108512.0,0.23
113,1994,43877232928352.0,0.31
114,1995,45616280965920.0,0.44
115,1996,47595568087104.0,0.33
116,1997,49482748528896.0,0.46
117,1998,50815400011488.0,0.6
118,1999,52611131472608.0,0.38
119,2000,55187464858464.0,0.39
120,2001,56709693863808.0,0.53
121,2002,58530830620832.0,0.62
122,2003,60834082323232.0,0.61
123,2004,64119502115200.0,0.53
124,2005,67367592062336.0,0.67
125,2006,71098598048608.0,0.63
126,2007,74800213528064.0,0.66
127,2008,76931477314496.0,0.54
128,2009,77108408395552.0,0.65
129,2010,81649115271680.0,0.72
130,2011,85077152285248.0,0.61
131,2012,87646084517056.0,0.65
132,2013,90421538153216.0,0.67
133,2014,93404451398656.0,0.74
134,2015,96278947457856.0,0.89
135,2016,98077884830464.0,1.01
136,2017,101007987768640.0,0.92
137,2018,104157707541376.0,0.85
